positive_images/004CF72E-C5B6-44F0-99EA-1E95ABEE6DCD.JPG 2 1045 1352 178 133 1398 1292 180 140
positive_images/030EC7E7-1B61-4B1D-92BD-A6E92393C6F5.JPG 2 868 1373 56 58 744 1345 64 72
positive_images/03d3bbd6-33ac-4f69-9e14-b1828b4ad8ae.JPG 2 381 390 60 47 274 429 64 43
positive_images/0BB4D85E-9859-400C-80ED-7D0C8632A646.JPG 2 1367 1258 101 107 1599 1325 126 87
positive_images/0FECFBD5-862D-48ED-AB40-039B3E01E20F.JPG 2 2119 690 83 64 2259 654 70 63
positive_images/0a8ee5fe-b532-4d59-95bd-bda03fc742cd.JPG 2 630 389 82 64 474 399 82 67
positive_images/121BC935-D321-4DF0-BA11-625965D943EC.JPG 2 406 1833 174 167 774 1917 176 135
positive_images/17389479-eeea-45a4-9693-bad66b9d72b7_2.JPG 2 662 546 116 85 462 545 88 85
positive_images/1892136D-9C82-4260-AF95-3B0FBAB122E4.JPG 2 1836 616 134 108 1485 374 182 223
positive_images/1C020B02-9C39-4E03-B463-F10F22613B05.JPG 2 415 2133 215 103 785 2031 123 110
positive_images/21d4c2e4-3073-460e-b992-39fb2a6d6add.JPG 2 249 347 113 101 478 329 137 106
positive_images/26F77407-456D-409E-89CD-9219CD73D9A5.JPG 2 1347 1480 190 215 805 1371 272 242
positive_images/2d6fcc11-2261-4635-b3cc-7db8c099b1ac.JPG 2 232 675 87 57 386 647 65 53
positive_images/31840528-234C-4DC8-9E15-CFEBAAE38E4B_2.JPG 2 387 1370 278 182 873 1254 218 218
positive_images/3EBD4EEF-8204-47A7-AFCE-4F09484EFEF0.JPG 2 561 736 306 279 1186 739 311 235
positive_images/42A3E9C4-146E-4902-9B12-82BD48043340.JPG 2 729 1304 146 92 974 1285 129 89
positive_images/45A6E57C-0945-488E-9AAF-BF85F8DDEAA3.JPG 2 895 1491 117 123 1156 1536 151 112
positive_images/4E932DB0-66A1-425E-97DD-AC848F3A5832.JPG 2 1142 1194 203 139 841 1172 154 134
positive_images/4FF83AAC-5A9D-43D9-999A-C90F80A17164.JPG 2 723 1698 225 173 1168 1679 201 167
positive_images/4cc278f4-cb63-46a2-9dee-fc21d503115e.JPG 2 336 885 115 57 517 814 81 70
positive_images/531FEFBF-1EBB-467C-8131-5F7DC343B829.JPG 2 1100 1201 319 233 495 1076 292 265
positive_images/5959DAA1-C791-42C9-90FB-8ED0D94784B7.JPG 2 564 1191 218 221 1006 1336 258 183
positive_images/5C08324F-A1F2-4AFC-BE9F-ADA22F554A08.JPG 1 1223 949 111 70
positive_images/5CB5DC0F-EE1C-43DE-B7A2-071A455D7498.JPG 2 1000 1599 125 123 1258 1629 143 108
positive_images/6395BD79-ED64-4EA5-A8CC-EDA30C39C4B4.JPG 2 873 1288 145 139 1140 1332 151 114
positive_images/64AE9B57-A870-4488-AA25-9263449EC1EC.JPG 2 129 1725 183 113 437 1722 140 99
positive_images/64AF6262-0D61-4E5D-81C3-D833500157AA.JPG 1 1071 2266 261 99
positive_images/66819F73-B041-43A8-AD30-0AB134B0A2AE.JPG 2 1584 1702 100 94 1787 1730 99 73
positive_images/6D9E9450-686F-4C90-A3F9-73186B5A8EEC.JPG 2 772 1407 132 95 1009 1403 128 94
positive_images/6F812BAB-3EFF-4501-BDFD-066412818FA6.JPG 2 1486 427 240 265 1941 664 130 175
positive_images/7BBC4FE1-CAF9-415B-A5C1-E9A4714B423A.JPG 2 936 1462 148 105 1212 1334 167 133
positive_images/7BD17961-793B-4247-9DB1-02417A7C9EE9.JPG 2 762 694 140 128 1064 749 140 115
positive_images/7C9608DF-02B9-446E-BB7F-3659DB158B9A.JPG 2 852 1473 220 140 1216 1373 162 149
positive_images/827cc911-24d3-49b5-8c0d-87e4370c433a.JPG 2 436 623 42 49 450 706 40 36
positive_images/85C80880-007F-44F9-9C57-A53997D8677E.JPG 2 826 1987 142 87 1048 1877 119 97
positive_images/86667B93-2F36-4967-AB21-0543DAA9D666.JPG 2 1379 1341 161 133 1678 1323 156 105
positive_images/88092D1F-E9EF-4012-9AB8-3E3CD3B4126E.JPG 2 1011 1286 147 100 753 1338 160 110
positive_images/8885E38B-8A08-4B49-BF34-3D90CE3B1CE1.JPG 2 364 1217 274 193 961 1260 185 92
positive_images/8F3D9873-5B11-4E73-A761-1B6E9ADF7929.JPG 2 824 1960 212 88 1158 1692 136 119
positive_images/9B2D71B5-84CC-459D-902D-CAE6C059D472.JPG 2 1047 1663 170 99 1347 1526 139 107
positive_images/9D8781A6-D274-4CF3-90AF-64DEA7FD49A3.JPG 2 802 926 205 204 1241 976 191 185
positive_images/9b9c67a1-80f0-474e-9d65-cdc9d07a2a36_2.JPG 2 307 606 121 117 554 609 125 120
positive_images/A56F5709-C7E9-48EE-9CF5-B64D2813E0BC.JPG 2 885 1479 143 118 1176 1449 131 102
positive_images/A5C674E7-6057-4861-9756-00845A2BD29F.JPG 2 1126 1509 121 119 1360 1508 128 121
positive_images/A6471023-EF61-43CB-8014-124DD48ED343_2.jpg 2 1598 687 150 155 1907 730 151 98
positive_images/A74A4B4C-9407-4D80-807A-C88333F06831.JPG 2 975 1125 113 102 1203 1162 110 97
positive_images/ADC62E13-3563-4B31-A32D-66C6E0606335_2.JPG 2 977 1355 104 87 1157 1310 99 90
positive_images/AF481DD4-77A1-477B-BF46-423E959A2FC5.JPG 2 818 1287 106 94 1009 1306 95 80
positive_images/AF802136-223B-4F6F-847D-4220E2091718.JPG 2 847 1563 99 102 1017 1569 137 89
positive_images/B0CA28DD-07F0-4F20-8F15-955B1E0A3F3A.JPG 2 908 910 191 202 1326 941 206 177
positive_images/B81A5BED-3B3C-4E75-A921-75A2A0DB6EF3.JPG 2 941 1632 155 157 1263 1544 217 165
positive_images/C23E3424-0E65-41EE-9589-FFC206FF7C15.JPG 2 1753 1001 138 138 2057 1005 186 150
positive_images/C83D19F0-27E9-4F7D-8188-2194127AA124.JPG 2 437 1492 126 82 653 1440 110 83
positive_images/CD3B94D8-1A81-4E7F-8201-C294B03A2632.JPG 2 489 1216 262 241 1081 1317 307 247
positive_images/CE431ED7-45A6-4211-8EBD-4AF5ED6267A4.JPG 2 2382 756 215 171 2824 729 208 157
positive_images/CF5A1806-DB83-4B33-90FC-66DD5560C783.JPG 2 728 1091 133 132 1026 1144 168 123
positive_images/D1C67221-1AD4-4CF2-9C21-28ACF2947065.JPG 2 1080 1884 234 136 1430 1581 244 221
positive_images/D33EE2BE-85DC-405C-9B9B-63C998B9821F.JPG 2 1089 1372 63 49 1174 1331 54 44
positive_images/D4A9F2AA-AC39-4070-8E67-B2F200974A29.JPG 2 786 1428 143 127 1069 1471 126 83
positive_images/D86F22C8-764F-4D8B-BE98-504D7C198F6D.JPG 2 986 1711 133 98 732 1706 132 102
positive_images/DB6A9BC9-0E30-4F30-BE40-2BEDF31ADAC1.JPG 2 459 1305 308 197 1043 1395 186 144
positive_images/DEDF1AAA-4B56-4F29-8E87-9BA669B1F21A_2.JPG 2 413 1556 140 70 618 1454 96 74
positive_images/E2BC264A-D66B-41D9-B767-D4FC42220006.JPG 2 1923 974 103 91 2153 1029 119 64
positive_images/EB4EDBE4-3BA7-489D-AD9C-362EDDEF0496.JPG 2 829 1568 181 72 1141 1332 163 168
positive_images/EC09D481-D390-4AB1-87E6-B03C0596D856.JPG 2 1035 1697 145 157 1389 1727 176 130
positive_images/F55C99A8-F307-4286-AC35-0F8C2A59148A.JPG 2 205 2460 260 144 700 2277 191 182
positive_images/F737941C-BB64-4FB1-B567-BEB73DAABE55_2.JPG 2 1386 1807 142 170 1666 1977 190 88
positive_images/F78273AE-2C11-49A7-8271-0CC27E3CAB62.JPG 2 1020 2149 215 99 1415 2011 98 164
positive_images/F9B3B05F-86F2-4242-88F5-FDF7E0FED675.JPG 2 1248 1365 143 159 1545 1460 99 98
positive_images/FC7E6099-2058-4749-A6EF-B3BE139D3CA4.JPG 2 945 1721 104 68 1121 1674 145 89
positive_images/FF1A2E37-96DF-44B9-80C2-15B78806DA38.JPG 2 0 1487 258 202 469 1303 292 236
positive_images/IMG_0322.jpeg 2 1063 1644 111 116 1275 1698 100 86
positive_images/IMG_0324 2.jpeg 2 983 1801 231 160 1317 1636 141 145
positive_images/IMG_0325.jpeg 2 891 2194 207 99 1199 1881 141 185
positive_images/IMG_0412.jpeg 2 1207 1590 221 162 1587 1589 172 117
positive_images/IMG_0413.jpeg 2 1073 1672 195 130 1462 1635 181 113
positive_images/IMG_0629 2.jpeg 2 1165 1464 116 145 1412 1567 165 83
positive_images/IMG_0631.jpeg 2 1162 1806 96 128 1386 1900 120 79
positive_images/IMG_0707.jpg 2 755 970 187 184 1116 1022 223 162
positive_images/IMG_0709.jpeg 2 543 2047 381 353 1340 2011 447 378
positive_images/IMG_0710.jpeg 2 751 2023 374 340 1516 2034 408 375
positive_images/IMG_0727.jpeg 2 1225 1150 197 214 1605 1237 220 191
positive_images/IMG_0741 2.jpeg 2 1185 1907 167 126 1513 1951 192 122
positive_images/IMG_0825.jpg 2 1275 1116 213 161 1684 1115 165 132
positive_images/IMG_0955 2.jpeg 2 1221 1635 202 217 1497 1987 252 223
positive_images/IMG_0956.jpeg 2 1395 1662 175 222 1636 1973 209 174
positive_images/IMG_0957.jpeg 2 1378 1861 157 180 1591 2144 145 117
positive_images/IMG_1039 2.jpeg 2 1674 1470 153 170 1966 1668 187 98
positive_images/IMG_1041 2.jpeg 2 1805 1405 128 126 2019 1534 160 115
positive_images/IMG_1161.jpeg 2 1395 1601 130 139 1681 1652 179 115
positive_images/IMG_1179 2.jpeg 2 1121 1788 139 93 1318 1603 113 139
positive_images/IMG_1190.jpeg 2 1028 2090 165 156 1075 1758 135 181
positive_images/IMG_1246.jpeg 2 1012 1410 165 171 1353 1432 199 134
positive_images/IMG_1247 2.jpeg 2 1108 1386 166 148 1448 1395 167 121
positive_images/IMG_1263 2.jpeg 2 2202 2293 112 90 2430 2298 118 93
positive_images/IMG_1301.jpeg 1 1096 1691 113 65
positive_images/IMG_1302.jpeg 2 1161 1561 127 80 1392 1531 111 58
positive_images/IMG_1379.jpeg 2 1570 1393 198 255 2015 1600 256 220
positive_images/IMG_1380.jpeg 2 998 2304 231 219 1443 2402 248 203
positive_images/IMG_1616.jpeg 2 1537 1612 113 140 1825 1773 190 122
positive_images/IMG_1631.jpeg 2 1411 1398 152 105 1650 1282 129 114
positive_images/IMG_1642.jpeg 2 141 682 127 75 330 650 90 63
positive_images/IMG_1673.jpeg 2 676 1382 312 253 1359 1408 454 281
positive_images/IMG_1782.jpeg 2 645 1767 154 61 947 1614 103 116
positive_images/IMG_2047.jpeg 2 2179 1863 116 222 2403 2108 160 110
positive_images/IMG_2052.jpeg 2 1108 573 214 144 1399 222 197 268
positive_images/IMG_2118.jpeg 2 823 1553 290 215 1447 1438 370 277
positive_images/IMG_2127.jpeg 2 733 1579 236 151 1155 1477 198 167
positive_images/IMG_2154.jpeg 2 2133 1272 113 81 2378 1255 88 83
positive_images/IMG_2222.jpeg 2 2581 1367 246 214 3098 1368 225 205
positive_images/IMG_2226.jpeg 2 727 1375 440 267 1439 881 264 374
positive_images/IMG_2393.jpeg 2 1640 1453 187 167 2008 1494 192 135
positive_images/IMG_2394.jpeg 2 1622 1343 155 158 1959 1349 189 119
positive_images/IMG_2395.jpeg 2 1738 1424 156 135 2057 1409 166 134
positive_images/IMG_2397.jpeg 2 1201 1484 181 151 1528 1427 195 157
positive_images/IMG_2398.jpeg 2 1179 1246 193 146 1522 1217 187 117
positive_images/IMG_2400.jpeg 2 850 1398 195 136 1211 1285 179 141
positive_images/IMG_2401 2.jpeg 2 1628 1155 288 242 2180 1178 277 240
positive_images/IMG_2514.jpeg 2 1104 1157 97 144 879 1398 134 59
positive_images/IMG_2522.jpeg 2 866 1033 127 92 1097 1057 126 75
positive_images/IMG_2524.jpeg 2 364 994 127 90 569 924 128 98
positive_images/IMG_2527.jpeg 2 721 1335 131 98 956 1344 103 86
positive_images/IMG_2655.jpeg 2 2749 1435 172 157 3128 1459 184 141
positive_images/IMG_2656.jpeg 2 2816 1567 161 149 3170 1578 183 143
positive_images/IMG_2657.jpeg 2 2198 1209 200 155 2596 1219 154 133
positive_images/IMG_2658.jpeg 2 2660 1528 205 178 3066 1556 178 149
positive_images/IMG_2789.jpeg 2 1683 1486 104 123 1921 1478 183 124
positive_images/IMG_2883.jpeg 2 932 1943 212 130 1269 1924 119 127
positive_images/IMG_3068.jpeg 2 1252 1557 188 157 1640 1600 206 129
positive_images/IMG_3156.jpeg 2 2013 529 422 404 2787 665 224 309
positive_images/IMG_3165.jpeg 2 1101 1433 193 208 1441 1508 177 154
positive_images/IMG_3208.jpeg 2 1053 1325 346 218 1622 1289 290 206
positive_images/IMG_3211.jpeg 2 261 820 39 35 339 826 41 31
positive_images/IMG_3250.jpeg 2 1053 1275 195 214 1458 1348 238 210
positive_images/IMG_3262.jpeg 2 850 1901 275 178 1466 1864 293 120
positive_images/IMG_3396.jpeg 2 1027 1492 134 120 1281 1513 138 95
positive_images/IMG_3402.jpeg 2 1677 498 140 171 1470 762 181 85
positive_images/b7ac0215-a43a-40e2-91ea-b19bdfb44fc4.JPG 2 443 490 51 32 525 497 41 26
positive_images/bcec299f-5bf2-4535-9f40-b8f2c4391d84.JPG 2 196 703 76 72 354 723 81 60
positive_images/bdcdf05f-60f6-4d48-aa3c-19f9ff3d2328.JPG 2 68 372 72 56 200 374 70 55
positive_images/d232e66c-ecc6-40d2-93bd-b25fa23ae264.JPG 2 472 566 33 35 530 590 43 35
positive_images/db72a309-d800-46ec-9e7b-56e178cb80d3.JPG 2 366 303 35 34 424 308 37 29
positive_images/e1c9e3c4-9221-4c34-8572-b4f8f1ed4088.JPG 2 153 541 126 105 448 506 119 124
positive_images/f77772e2-a4f4-487e-b6c7-801fba79ffa8.JPG 2 454 207 61 66 0 0 0 0
positive_images/hammy.jpeg 2 1355 1247 116 121 1586 1291 141 128
positive_images/hammy2.png 2 244 300 50 49 357 332 62 41
